joint:
  home: [0.733216, -2.303996, 2.222002, -3.058677, -0.733774, 3.14139]
  pre_dispense: [-1.2334, -2.2579, 2.1997, -2.6269, -0.3113, 2.6590]

cartesian:
  ingredients:
    - name: peanuts
      id: 1
      view_pose: [0.26, -0.2699, 0.60, 0.7071068, 0.0, 0.0, 0.7071068]
    - name: cucumber
      id: 2
      view_pose: [0.01, -0.2699, 0.60, 0.7071068, 0.0, 0.0, 0.7071068]
    - name: vinegar
      id: 3
      view_pose: [-0.24, -0.2699, 0.60, 0.7071068, 0.0, 0.0, 0.7071068]
    - name: salt
      id: 4
      view_pose: [0.26, -0.2699, 0.275, 0.7071068, 0.0, 0.0, 0.7071068]
    - name: blackpepper
      id: 5
      view_pose: [-0.24, -0.2699, 0.275, 0.7071068, 0.0, 0.0, 0.7071068]

  dispense: [-0.4698, 0.0, 0.2950, 0.5, -0.5, -0.5, 0.5]
  pre_dispense: [-0.2698, 0.0, 0.0, 0.6950, 0.5, -0.5, -0.5, 0.5]
  pouring:
    regular:
      corner: [-0.300, -0.030, 0.510, 0.671, -0.613, -0.414, 0.048]
      edge: [-0.385, 0.240, 0.510, 0.910, -0.324, -0.109, 0.235]
    liquid:
      corner: [-0.265, -0.03, 0.460, 0.633, -0.645, -0.421, 0.082]
