joint:
  home: [0.733216, -2.303996, 2.222002, -3.058677, -0.733774, 3.14139]
  pre_dispense: [-0.838740, -2.303996, 2.222002, -3.058677, -0.733774, 3.14139]

cartesian:
  ingredients:
    peanuts: [0.26, -0.2699, 0.66, 0.7071068, 0.0, 0.0, 0.7071068]
    cucumber: [0.01, -0.2699, 0.66, 0.7071068, 0.0, 0.0, 0.7071068]
    vinegar: [-0.24, -0.2699, 0.66, 0.7071068, 0.0, 0.0, 0.7071068]
  dispense: [-0.4698, 0.0, 0.2950, 0.5, -0.5, -0.5, 0.5]
  pre_dispense: [-0.2698, 0.0, 0.0, 0.6950, 0.5, -0.5, -0.5, 0.5]
  pouring:
    regular:
      corner: [-0.425, -0.02, 0.5, 0.671, -0.613, -0.414, 0.048]
      edge: [-0.435, 0.250, 0.485, 0.852, -0.455, -0.205, 0.157]
    liquid:
      corner: [-0.365, -0.02, 0.450, 0.671, -0.613, -0.414, 0.048]